boundary -30.0 30.0 -15.0 15.0
deltaT 0.01

formation displacement
mode absolute

agent -20.0  0.0 0.0 0.0 1
agent -20.0  3.0 0.0 0.0 1
agent -20.0 -3.0 0.0 0.0 1
agent -17.0 -3.0 0.0 0.0 1
agent -17.0  0.0 0.0 0.0 1
agent -17.0  3.0 0.0 0.0 1
agent -23.0  3.0 0.0 0.0 1
agent -23.0  0.0 0.0 0.0 1
agent -23.0 -3.0 0.0 0.0 1


goal 0.0  0.0  
goal 0.0 -10.0

phase 2
adjacantMatrix
0 1 1 0 0 0 0 0 0
1 0 0 0 0 0 1 0 0
1 0 0 1 0 0 0 0 0
0 0 1 0 1 0 0 0 0
0 0 0 1 0 1 0 0 0
0 0 0 0 1 0 0 0 0
0 1 0 0 0 0 0 1 0
0 0 0 0 0 0 1 0 1
0 0 0 0 0 0 0 1 0

displacementMatrix
-3.0 -3.0  3.0 -3.0 
 3.0  3.0 -3.0 -3.0 
-3.0  3.0  3.0 -3.0 
-3.0  3.0  3.0  3.0 
-3.0 -3.0  3.0  3.0 
-3.0 -3.0  0.0  0.0
 3.0  3.0 -3.0  3.0 
 3.0 -3.0 -3.0  3.0 
 3.0 -3.0  0.0  0.0

displacementMatrix
-3.0  2.0  3.0  2.0 
 3.0 -2.0 -2.0  3.0  
-3.0 -2.0  2.0  3.0  
-2.0 -3.0  0.0  3.0  
 0.0 -3.0  0.0  3.0  
 0.0 -3.0  0.0  0.0  
 2.0 -3.0  0.0  3.0  
 0.0 -3.0  0.0  3.0  
 0.0 -3.0  0.0  0.0

NdisplacementMatrix
-3.0 -3.0  3.0 -3.0 12.0 0.0 -12.0 0.0
 3.0  3.0 -3.0 -3.0 0.0  0.0   0.0 0.0
-3.0  3.0  3.0 -3.0 0.0  0.0   0.0 0.0
-3.0  3.0  3.0  3.0 0.0  0.0   0.0 0.0
-3.0 -3.0  3.0  3.0 0.0  0.0   0.0 0.0
-12.0 0.0 -3.0 -3.0 0.0  0.0   0.0 0.0
 3.0  3.0 -3.0  3.0 0.0  0.0   0.0 0.0
 3.0 -3.0 -3.0  3.0 0.0  0.0   0.0 0.0
 12.0 0.0  3.0 -3.0 0.0  0.0   0.0 0.0

NdisplacementMatrix
-3.0  2.0  3.0  2.0 -5.0 11.0 5.0 11.0 
 3.0 -2.0 -2.0  3.0  0.0 0.0 0.0 0.0 
-3.0 -2.0  2.0  3.0  0.0 0.0 0.0 0.0 
-2.0 -3.0  0.0  3.0  0.0 0.0 0.0 0.0 
 0.0 -3.0  0.0  3.0  0.0 0.0 0.0 0.0 
-5.0 -11.0 0.0 -3.0  0.0 0.0 0.0 0.0 
 2.0 -3.0  0.0  3.0  0.0 0.0 0.0 0.0 
 0.0 -3.0  0.0  3.0  0.0 0.0 0.0 0.0 
 5.0  11.0 0.0 -3.0  0.0 0.0 0.0 0.0 