---boundary---
boundary -20.0 20.0 -20.0 20.0

% westlake formation
agent -2.0 -2.0 0.0 0.0 0.5
agent -2.0  0.0 0.0 0.0 0.5
agent -2.0  2.0 0.0 0.0 0.5
agent  0.0 -2.0 0.0 0.0 0.5
agent  0.0  0.0 0.0 0.0 0.5
agent  0.0  2.0 0.0 0.0 0.5
agent  2.0 -2.0 0.0 0.0 0.5
agent  2.0  0.0 0.0 0.0 0.5
agent  2.0  2.0 0.0 0.0 0.5

% goals
phase 2
goal -10.0 5.0 -8.0  8.0  
goal -8.0  0.0 -8.0  3.0
goal -5.0 -5.0 -8.0 -2.0
goal -2.5  0.0 -5.0 -7.0
goal 0.0   5.0  0.0 -8.0
goal 2.5   0.0  5.0 -7.0
goal 5.0  -5.0  8.0 -2.0
goal 8.0   0.0  8.0  3.0
goal 10.0  5.0  8.0  8.0